De dimensies van de volgende matrix zijn 3 en 4.
A = [3 1 9 1; 32 91 23 10; 29 1 2 10]

