wrijvingsKracht= [ 12 31 31; 123 124 14; 102 182 21];
wrijvingsKracht(1,3)
